TASS38012699_jpg.rf.00ce93b181b19274ddd24b233c1a89a6.jpg 255,199,273,218,1 321,218,350,249,1 269,251,312,296,1 32,173,58,209,1 234,239,280,284,1 217,164,241,191,1 394,204,414,243,1 171,116,210,163,0
1422808187-3291816118_jpg.rf.011388dc58b2ce92967b767efa8b0493.jpg 134,102,277,272,0
1_13_jpg.rf.0b763a66504ff3f101520b41c692a1be.jpg 355,143,403,201,0 330,163,352,193,0 236,102,255,131,0 194,116,223,149,0 134,100,162,129,0 47,117,105,188,0
rally-against-an-anti-mask-law-meant-to-deter-anti-government-protesters-in-hong-kong-china-shutterstock-editorial-10435716z_jpg.rf.029a24bd5a4468a0d333b2cfd9facda9.jpg 94,136,120,164,0 381,187,404,210,0 375,158,392,179,0 306,178,325,198,0 365,175,388,203,0 281,171,304,203,0 318,127,373,189,0 185,88,231,143,0 90,159,118,192,0 33,128,81,197,0 5,178,42,213,0 3,133,34,172,0
0602623232127-web-tete_jpg.rf.0de050aef014390d7ac5e5074d27c515.jpg 66,139,99,185,1 163,144,228,217,1 192,92,213,117,1 125,92,149,117,1 246,116,274,151,1 144,108,178,149,1 34,104,74,147,1 34,248,73,291,1 108,164,156,230,0 209,96,238,131,0 262,122,296,164,0 327,105,387,173,0 266,195,330,281,0
soooo_jpg.rf.17084eefb96eb4038d4d7c0183dbf615.jpg 252,70,322,129,1 240,120,269,151,0 81,158,149,223,0 70,120,106,154,0
1477443223-1445746883_jpg.rf.141c0cbb50009710255f73c9cc2d20d3.jpg 255,99,386,262,0 13,109,125,238,0
1125506397_15801322207531n_jpg.rf.165e59ebd5a6769ee497c978a8f24229.jpg 320,135,348,171,0 201,139,228,176,0 105,116,133,153,0
1152x768_246964803156_jpg.rf.0669f2bc41e4fe16c91e32f25fa2b7d5.jpg 184,111,219,152,0 26,122,42,149,0 13,101,33,124,1 263,96,287,128,1 58,115,88,149,0 318,78,354,126,0 230,98,256,131,1 94,98,116,122,1 133,101,157,135,1
shutterstock_1627199179_jpg.rf.1782a3abdeb7189dd74bf1c539428f4a.jpg 367,70,414,116,0 73,86,140,169,0 18,119,107,236,0 133,110,222,201,0 278,103,393,238,0
1539151332674193npsrq70_jpg.rf.17b16a2d079b59a19277b39154bed7cf.jpg 158,29,208,84,0
012420_coronoa_masks_web_jpg.rf.17ba2ac3b197fd1f6fb01811f8823532.jpg 28,145,66,189,1 332,92,354,106,0 367,182,408,237,0 355,101,390,151,0 295,93,330,131,0 248,145,287,193,0 256,92,290,130,0 187,93,224,129,0 90,93,124,128,0 187,131,222,175,0 197,216,236,266,0 216,239,263,291,0 136,274,181,320,0 2,254,41,310,0 53,216,83,259,0 33,232,72,280,0 11,114,48,154,0 97,150,140,196,0
004_1024_jpeg_jpg.rf.1bcc7026e9df6805c5bfe80dcd2364d7.jpg 132,110,232,224,0
ST_20170401_EASAND_3046471_jpg.rf.1e0d6174df67baf6c98028c7c3fb661e.jpg 347,76,398,135,0 329,88,364,140,0 283,83,333,143,0 246,94,288,155,0 213,112,259,171,0 184,103,226,160,0 76,112,127,170,0 4,112,49,168,0
TB2R28UvUOWBKNjSZKzXXXfWFXa_--1116877752_jpg.rf.1e5637e006a60f456041a75669bf4ca6.jpg 230,81,379,255,0 55,40,205,218,0
shutterstock_289132226_jpg.rf.1fc3a2bb39e452916e63a85102b1680e.jpg 266,114,328,176,0 176,105,239,169,0 78,99,137,170,0
phppaNXxb_jpg.rf.22092f39b67e45b053b481f1d8a1863e.jpg 38,121,62,162,0 0,133,10,177,1 115,136,152,175,1 292,122,331,170,1 51,108,99,164,0 165,115,208,169,0 220,101,257,150,0 256,129,303,186,0 346,199,387,251,0
1155x768_20200129000089_jpg.rf.233090a09ce2a2d7ada4a056de67e86e.jpg 359,118,415,249,0 284,145,332,201,0 163,142,219,216,0 27,143,56,176,0
soo-1-_jpg.rf.25f86bec6ea0f5c5c4ada6066676ba2a.jpg 310,208,331,234,0 328,188,353,216,1 372,190,409,225,1 219,122,254,168,0 131,120,183,171,0 64,127,109,179,0
w1240-p16x9-fa978043deff83fed485af12d16e39c61398fc30_jpg.rf.282b91b2444fbe1f1e811711455d3ac3.jpg 105,92,318,311,0
us-state-department-warns-against-visiting-china-citing-coronavirus_jpg.rf.2b672cf4ec7e7e722f9f1fb43f42fea1.jpg 242,122,263,148,1 89,113,118,140,0 38,138,80,175,0 211,119,241,153,0 351,103,389,143,0
thai_cov-transmission030220_jpg.rf.2d847d536e04208a9805d2b28942ce61.jpg 317,110,338,132,0 202,123,219,161,0 116,99,158,164,0 62,93,127,143,0 149,120,176,168,0 171,112,203,159,0 386,130,403,157,0 330,123,350,154,0 343,117,380,154,0 298,121,334,160,0 255,102,289,142,0 263,127,302,175,0 269,191,314,243,0
Surgical-Mask-Effectiveness_jpg.rf.354bb30a57d5706956c7a6f4532c7696.jpg 194,116,350,299,0 58,126,208,291,0
0209-00176-076b1_jpg.rf.3703317fea56e710d45d0f0299549a49.jpg 41,69,73,106,0 79,94,141,171,1 309,76,388,178,0 156,96,226,175,0
PHOTriZgIKIgsnNLdBJG75vj200203_1000x2000_jpg.rf.3a0217d65384743b4e4317a8d72fb4f7.jpg 316,126,362,179,0 239,143,281,188,0 179,117,214,161,0 91,83,131,131,0
the-first-day-of-wuhan-s-closure-some-people-fled-some-panicked_jpg.rf.3cf16bf57a58204b9311595878b51406.jpg 171,175,192,196,1 206,174,217,187,0 230,189,241,201,0 220,170,235,186,0 316,92,409,176,0 241,132,293,186,0 119,122,171,184,0 4,125,58,187,0
RTX7CCFN_jpg.rf.41f7799195343299c49628faed585ede.jpg 48,121,67,143,0 190,89,247,158,0
W37H3GWNO5EV5HTJQNP4KLIRGI_jpg.rf.44bfc417c6e1123aa66c04f6da5fcfbb.jpg 205,82,306,181,0
r1p00017o80q34s9781_jpg.rf.453f7dbf69760cf34c705c5d987086d5.jpg 94,58,134,113,1 212,19,306,150,0
10fea_8011463765e2aa28b386cf_jpg.rf.49bf89a24e85772eb984fd5c6dfb3023.jpg 287,84,345,156,1 33,91,173,273,0
thumbnail-ba5c72edb320b49a69e86b05775c49b2-scaled-1_jpeg_jpg.rf.49d9034289bc454a95fc35c476ced83c.jpg 253,121,269,142,1 84,129,98,144,0 371,69,412,119,0 270,93,311,137,0 203,88,242,132,0 161,85,194,125,0 104,109,134,144,0 52,103,78,132,0 11,106,39,135,0
sdsdsff_jpg.rf.4b6b2a6abec57c238e328d9a109ed74b.jpg 312,121,355,171,0 247,125,297,173,0 164,136,205,182,0 90,125,125,170,0 7,133,42,175,0
0109-00176-096b1_jpg.rf.5572a514f05c9cc81ef3ac95da4b9731.jpg 178,24,290,150,0
0ad90195-cd77-489e-bf85-08c83b80d3e0_jpg.rf.5816cb622cef44eb6fe8b794b4fe8e3c.jpg 1,88,63,232,0 96,121,209,240,0 199,109,299,231,0
126202-untitled-design-13_jpg.rf.5817d52dd046e604e97c5045f252f5d2.jpg 324,96,387,175,0 234,139,325,268,0 161,123,239,225,0 70,176,144,270,0 2,129,77,249,0
smartmi-3pcs-filter-mask-pm25-haze-dustproof-mask-with-vent_jpg.rf.59a7b715cf617d0f444023b47253c619.jpg 268,71,382,219,0 7,23,153,208,0
135e-huxwryw6451820_jpg.rf.59dc8657db7a250f880fe32248b5a894.jpg 90,0,314,312,0
r1000019q689461s9r0_jpg.rf.6011f9cffe3ec0ca296731a0630688fa.jpg 228,50,309,147,0
0002526673_jpg.rf.6082a0ad4686cc7e011129ff07e9ee30.jpg 69,164,86,182,0 158,143,206,200,0
shutterstock_584407723_jpg.rf.61ace1d1d00336760cd583654fa336d0.jpg 329,122,358,156,0 220,124,259,180,0 133,141,167,180,0
w1240-p16x9-0e48e0098f6e832f27d8b581b33bbc72b9967a63_jpg.rf.676fe5a2580836ed328adb7d3aaf04db.jpg 226,95,338,195,0 62,112,171,204,0
1482202839575_jpg.rf.68848ca53e981d2300904725fd6d1385.jpg 66,169,82,192,1 313,158,338,190,1 367,149,395,180,1 193,134,225,170,1 265,133,294,165,0
w1240-p16x9-6f1db5e0460631cfa98d2d6d8032942f81700bb0_jpg.rf.68955867cd4bd51855d151ed9ef06edb.jpg 344,93,414,194,1 263,112,349,221,0 143,159,235,258,0 38,203,114,285,0
PhotoGrid_1580452532909_jpg.rf.698326fe8a8c3566e30f5efbc7c69bca.jpg 385,150,410,178,0 333,156,360,183,0 297,150,321,174,0 261,151,283,175,0 226,143,247,166,0 172,144,195,169,0 128,136,149,161,0 105,127,124,152,0 84,145,107,173,0 44,144,68,172,0 2,142,25,170,0
08165739_jpg.rf.6b3980e6d11ad5d9170ed76e25759eed.jpg 345,155,374,188,0 287,152,313,183,0 201,122,246,179,0 216,99,260,148,0 169,91,211,136,0 110,191,156,246,0
sgssgg_jpeg_jpg.rf.712191348c21a80ef4d0095208d2e4b3.jpg 42,189,72,238,0 0,176,52,237,0 74,217,118,264,0 94,156,128,192,0 127,146,154,179,0 183,173,220,211,0 208,144,239,176,0 263,165,290,199,0 297,184,327,217,0 327,192,369,246,0
pjecDNMmCUQmbDoJx1fdqolnfHtpsfFK8jTA2Ng0wNg_jpeg_jpg.rf.76f3446568997d02651f5ad24d3b841a.jpg 308,134,355,207,1 44,125,81,168,0 111,143,147,183,0 164,114,210,174,0 245,159,280,200,0 335,114,386,182,0
r1400018548960op29s_jpg.rf.786accb576525e729ff901962577e731.jpg 131,27,240,135,0
1000x-1_jpg.rf.7878590f6a6fb2808a5969748c796108.jpg 383,157,415,225,1 206,106,254,179,0 335,127,393,214,0 285,225,356,322,0 61,125,106,201,1 252,112,300,182,1 95,202,154,284,1 173,129,223,206,0 9,124,71,208,0
r1p00017o8357s6sno6_jpg.rf.7ce325285cdd8720a3a7afd1d941e1a8.jpg 180,2,271,118,0
002_1024_jpeg_jpg.rf.78b9c4b03f127abffcd910b282670245.jpg 127,163,192,236,0 52,169,107,233,0 1,161,20,222,0
r1000019q679o5611r7_jpg.rf.804288b49fe354c91c45cd9b64dc586d.jpg 135,4,246,121,0
1580166133-5b61094cac11561b0cbe09826e32a924_jpg.rf.83fdfa1337c6d9d9fa84b66e8da85740.jpg 3,179,86,331,0 44,90,113,176,0 21,131,91,219,0 101,126,177,237,0 253,70,317,140,0 351,71,414,150,0 321,172,408,281,0 181,138,285,282,0
1197315184_jpg_0_jpg.rf.89df125659aafa4f9ca70af09ea0e4c8.jpg 65,177,86,202,0 193,166,214,194,1 330,202,368,246,1 345,167,370,195,0 307,175,331,206,0 241,159,269,185,0 241,191,273,229,0 165,201,206,244,0 96,183,123,211,0 31,163,68,203,0
125895-untitled-design-30_jpg.rf.8b8b4eb5fa9636d71028469f3e05a60e.jpg 322,93,335,110,0 222,98,241,119,0 160,94,173,106,0 182,99,196,113,0 97,96,119,126,0 85,106,107,138,0 45,198,95,257,0 124,179,158,228,0 157,139,189,179,0 211,129,239,167,0 220,161,253,204,0 256,125,288,163,0 328,110,349,139,0 346,95,365,112,0 302,110,320,133,1
001_1024_jpeg_jpg.rf.8e453d31eb020d4b12be40090ad1ba10.jpg 349,227,372,255,0 318,188,352,225,0 288,208,318,242,0 246,185,293,228,0 83,91,152,171,0 191,139,243,199,0
000_1OC3DT_jpg.rf.936ba8ae8568fb55fecb67aa7e6e46ee.jpg 345,160,414,244,0 308,190,366,263,0 335,106,398,167,0 274,90,328,152,0 226,186,289,258,0 196,164,249,230,0 176,95,221,152,0 145,101,185,144,0 119,186,177,251,0 114,96,151,141,0 60,88,107,144,0 2,85,53,145,0 35,170,91,230,0
stock-photo-mother-and-her-daughter-walking-go-to-school-with-wearing-a-protection-mask-against-pm-air-1346870465_jpg.rf.97046d88daf11bc8e517bdeb0a889f1d.jpg 256,182,297,222,0 165,87,208,133,0
101d6660a8974050b613dd2e6bd59390_jpg.rf.98a297d41412395e2dfb43bf686da783.jpg 335,140,382,202,0 208,105,253,168,0 173,155,220,215,0 59,143,114,204,0
1553605632_9d5877d8_60_jpg.rf.98bd2bb250671d174c45f519305d250e.jpg 326,302,348,329,0 353,287,387,339,0 307,256,340,291,0 83,269,145,347,0 1,249,69,327,0 25,106,51,136,0 44,80,71,119,0
1288126-10255706714jpg_jpg.rf.9999abb3a6a2fcd1e8a88261740e84cd.jpg 123,144,188,228,0 216,177,271,243,0
RZXE24HFK5GSVKVSN57VCVPQ4M_jpg.rf.9ce2a6f78ec6dbd892b01c1cd4a5aaaf.jpg 171,114,190,134,1 179,134,202,157,1 327,109,364,149,1 154,122,170,139,0 200,119,221,142,0 254,123,288,161,0 301,129,327,157,0 370,122,398,161,0 92,104,117,135,0
1029731146_jpg.rf.9eacff3267fc8dc0edb10f8b234edc56.jpg 11,127,61,187,1 322,117,394,213,0 157,102,255,239,0 57,147,123,243,0
1196686205_jpg_14_jpg.rf.a36dca8e39790e065e83a86eac94f8bc.jpg 249,185,277,217,0 136,165,166,198,0 181,137,214,170,0
shutterstock_editorial_10536831j_2e16d0ba_fill-1200x650_jpg.rf.a75b0ae6a483428089a58c752301ef19.jpg 304,165,312,174,0 372,169,408,204,0 352,182,369,201,0 316,173,330,188,0 264,170,272,181,0 270,164,278,173,0 277,174,286,181,0 209,175,216,184,1 231,179,245,198,0 187,172,198,184,0 168,173,181,186,0 99,180,109,189,0 22,182,29,190,0 15,183,24,193,0 55,186,62,194,0 142,179,153,192,0 125,178,133,188,0 32,183,42,193,0 43,182,54,194,0 4,188,17,202,0 11,193,26,211,0 39,205,63,227,0 113,183,131,201,0 131,197,146,217,0 86,186,110,217,0 58,190,92,229,0 111,220,150,262,0 164,222,185,248,0 197,187,213,209,0 174,188,192,206,0 211,192,234,215,0 191,208,233,253,0 255,189,279,218,0 279,188,359,284,0
w1240-p16x9-5f8aa310737f8e0e6c43d95a68a82b03b6f60106_jpg.rf.a85af3dd52861bfac2ac8669bc23697b.jpg 325,125,346,147,1 16,115,47,155,0 53,131,85,168,0 110,117,133,141,0 135,109,163,142,0 182,126,206,154,0 244,135,262,162,0 378,118,405,151,0 352,113,380,145,0 300,115,328,149,0 274,133,311,179,0 255,127,289,173,0 225,122,250,157,0 156,128,180,157,0 124,131,158,164,0 164,177,201,213,0 203,121,228,153,0
UDD3JG3E4JFQ5KSFNGQQ5REINU_jpg.rf.a90326a00a9bd7b179850be6653669a7.jpg 207,103,230,123,0 270,109,297,142,1 327,104,350,133,0 350,164,374,204,1 365,151,414,215,0 317,133,349,179,0 274,142,315,192,0 226,140,260,181,0 205,124,228,158,0 196,118,219,143,0 182,121,197,145,0 158,115,184,146,0 98,121,125,149,0 67,124,90,148,0 2,125,34,161,0
1024x576_939430607723_jpg.rf.b6fa6656561112adc4ef9177dee6e7d2.jpg 324,130,368,184,0 242,155,274,194,0 196,114,231,159,0 149,123,184,165,0 48,140,82,183,0 2,129,31,170,0
1125506397_15801322206581n_jpg.rf.b9dc09ca4f88fae431e198ea3d45aa3e.jpg 311,109,384,195,0 191,99,246,167,0 95,94,171,175,0
sdgdsgsg_jpg.rf.bfdb427d76edba0977c139264e33e765.jpg 2,85,77,225,0 329,147,415,292,0 134,67,273,225,0
0200b38c89b16c37c5de8e247bb00c2f_jpg.rf.c1daafd319dde6775ce9d982da5c0538.jpg 246,83,284,129,0 102,117,128,147,1 150,75,178,109,1
1580173904-0001oc33f_jpg.rf.c37c3644771e4005983f908ba36c7f39.jpg 128,167,139,179,0 1,163,11,181,0 180,172,188,185,0 6,179,31,205,0 43,170,53,184,0 103,162,114,177,0 123,182,147,212,0 16,199,49,229,0 62,164,101,208,0 257,175,272,193,0 270,188,295,219,0 228,184,253,213,0 151,169,178,210,0 172,205,212,255,0 378,220,406,283,0 319,178,390,276,0
skypost16012020a01s_jpg.rf.c60fdb061cd24fb90eb126a1e8cf1aba.jpg 277,115,305,148,1 354,124,383,159,1 388,151,413,195,1 226,209,279,263,1 241,180,288,225,1 212,143,244,187,1 186,132,218,173,1 87,131,123,175,1 36,142,72,181,1 62,155,98,205,1 60,203,103,248,1 118,186,163,242,1 329,198,387,263,0 159,181,206,241,0
15391513329330sooq10859_jpg.rf.c7eb30fe88c04cf98dd13430c4eb5d10.jpg 148,36,254,166,0
15-08608-001_jpg.rf.cb00b765380d5f837b8b835e489e5d63.jpg 47,159,98,227,1 300,160,344,223,0 243,106,287,170,0 111,120,151,189,0
phpM5suKS_jpg.rf.cc8cb5d581921666652dc9761a9dcfae.jpg 117,95,147,170,1 75,85,124,178,1 255,99,302,204,0 331,61,413,184,1 0,19,96,170,0 146,56,265,234,0
w1240-p16x9-CORONAVIRUS-CHINA-HEALTH-APPLE-STORE_jpg.rf.d08d92db454bfc4033c0a05b06c12fbd.jpg 131,100,160,134,0 285,156,321,194,0 177,158,215,197,0 309,173,350,216,0
Smog-Mask-PM2-5-Carbon-Filter-Face-Masks-Fog-Dust-Air-Cleaner-anti-pollution-Face-Protector_jpg.rf.d15d64d95c4f1da56b23ff10ea8ab4c1.jpg 25,228,116,358,0 159,228,264,363,0 306,228,395,356,0 304,44,388,166,0 162,48,249,167,0 27,48,110,170,0
1580053154-5839_jpg.rf.d2ba6b7c3e360845d9419b7a77a2189e.jpg 26,95,88,179,0 245,70,285,123,0 311,73,366,148,0 221,91,266,171,0 164,90,218,160,0 75,107,138,203,0 199,164,257,252,0
1224331650_g_400-w_g_jpg.rf.d4edab587a32e6195a8e4c320ed6a0b2.jpg 221,16,410,184,0 247,225,384,379,0 32,15,152,130,0 46,242,154,352,0
1579683152-0e3ba5698b090c0fda95caa5d2aa7b31_jpg.rf.db787585a77e1345d33006c50ee550b5.jpg 226,54,341,192,0
1140-travelers-at-hong-kong-airport_jpg.rf.dda9f9d2a9bfc14a8a0b62eae1bda5b3.jpg 18,133,40,159,1 343,90,375,126,0 101,98,133,134,0 185,171,210,203,0
REVZGCBIJNQPMIIXOKDCQA3GJI_jpg.rf.de466470b7e8424bfcef0a24af3ffdf6.jpg 286,145,299,165,0 296,105,366,199,0 242,171,282,220,0 175,175,218,229,0 156,154,189,203,0 11,114,82,194,0
1249493_jpg.rf.df15e489652f717fbb46751b5a21dab9.jpg 247,111,266,138,1 298,107,321,142,0 272,104,300,151,0 161,101,191,136,0 27,75,68,128,0
1579928067_250120120154270000005e2bca03bf464_jpg.rf.e237cd9a76494e960d656366703adb8d.jpg 359,103,385,133,0 318,93,342,125,0 42,102,66,127,0 78,89,122,140,0 283,120,294,136,1 238,116,250,132,1
skynews-coronavirus-london-fashion-week_4920359_jpg.rf.e4ce7156c8b391f9d22228ce4b278ddb.jpg 73,185,149,271,0 156,159,238,243,0 283,149,363,238,0
0_8w7mkX-PHcfMM5s6_jpeg_jpg.rf.e51810235ab261549cbc29515b20484a.jpg 289,114,300,127,0 38,217,52,234,1 61,235,74,252,1 0,190,12,207,0 44,189,63,206,0 23,186,37,202,0 31,104,44,116,0 31,112,42,125,0 64,162,77,178,0 48,159,62,175,0 96,123,107,135,0 87,135,98,149,0 52,137,65,152,1 83,127,94,140,1 103,137,115,151,1 119,133,131,146,1 138,122,149,138,1 101,168,115,184,0 135,158,150,175,0 147,137,160,153,0 128,113,140,127,0 104,99,114,110,0 118,91,128,103,0 127,82,136,94,0 145,63,154,73,0 142,73,151,84,0 157,75,167,87,0 162,89,172,100,1 159,114,171,127,0 174,86,185,98,0 169,72,179,83,0 184,63,192,71,0 193,76,202,86,0 207,80,216,87,0 202,96,213,107,0 167,157,183,176,0 224,153,237,169,0 227,138,239,154,0 204,122,216,136,0 182,146,198,163,0 194,157,208,174,0 215,160,230,178,0 270,163,284,179,0 243,162,259,183,0 257,138,269,154,0 262,103,273,116,1 275,94,284,106,1 221,63,230,75,0 219,85,229,97,0 232,73,242,85,0 259,80,270,92,0 254,109,265,122,0 256,63,266,70,0 273,76,282,86,0 283,79,294,91,0 288,83,298,94,0 314,63,323,70,0 298,87,308,98,0 356,69,365,80,0 335,76,345,88,0 325,85,335,94,0 302,97,311,107,1 345,84,354,93,1 394,65,403,76,1 380,71,391,82,0 366,76,377,89,0 356,103,367,115,0 337,103,348,116,0 315,122,327,137,0 349,119,360,132,0 379,106,390,120,0 401,83,413,98,0 389,107,401,120,0 372,135,381,145,0 356,146,370,161,0 346,135,358,149,0 330,141,345,157,0 407,193,415,212,0 376,145,390,161,0 371,176,385,194,0 363,186,380,205,0 298,168,314,185,0 279,172,295,192,0 290,182,306,202,0 142,182,161,202,0 169,175,185,193,0 196,180,215,201,0 180,206,197,226,0 359,160,373,176,0 238,198,258,220,0 179,205,179,205,0 186,218,207,240,0 19,248,45,271,0 363,324,388,350,0 291,204,309,224,0 278,207,298,229,0 383,204,400,225,0 380,222,403,249,0 382,274,401,299,0 364,276,387,304,0 299,306,324,336,0 258,284,280,311,0 239,264,260,289,0 214,298,238,323,0 182,278,197,298,0 157,315,183,342,0 92,320,115,345,0 147,231,166,250,0 110,214,127,233,0 99,224,119,246,0 149,253,165,272,0 160,252,177,275,0 124,271,146,295,0
IMG_5690-2_jpg.rf.e52a33dbc5df2683106132a46639d0c7.jpg 220,168,270,227,0 141,173,192,234,0
1125506397_15801322207071n_jpg.rf.e556b26c7e0dfa8faa09245d6a335e99.jpg 358,65,390,103,0 292,70,328,117,0 205,124,237,167,0 176,85,207,126,0 154,104,175,130,0 97,88,135,135,0 63,76,93,112,0
1030611863_jpg.rf.eb8ed20f7e85b17ee93689395080510f.jpg 96,184,102,193,0 388,190,400,204,0 236,186,247,199,1 258,178,285,215,0 189,167,221,210,0 143,156,173,193,0 16,183,29,200,1 116,181,129,197,1
pollution-mask-CE5HYF_jpg.rf.ec06aab43094370a5e08727470c42770.jpg 262,138,336,247,0 156,90,270,237,0
shutterstock_1145933543-e1579497052960_jpg.rf.f1288b05a1fd6fc7bb3ea54dc3e7653d.jpg 209,82,335,235,0
RTX7CD4D-e1580252893876_jpg.rf.f22a8bb73aa0027e463c2f59dd5d0909.jpg 303,109,337,139,0 238,116,258,137,0 155,96,177,122,0 75,107,97,130,0
so-19-_jpg.rf.f291b421f6607b09100e932b2d683665.jpg 326,157,399,230,0 186,126,236,177,0 59,174,109,215,0
1580048340614_jpg.rf.f36ab23e33f35a0349c9c9f836e6e4f1.jpg 107,144,141,194,1 264,101,291,133,1 268,236,349,322,0 251,140,292,214,0 374,154,413,211,0 366,105,397,146,0 302,153,341,206,0 199,133,258,217,0 150,168,197,233,0 83,183,137,260,0 2,191,76,306,0
0_Concern-In-China-As-Mystery-Virus-Spreads_jpg.rf.f39f0c593c418d7e4c8d7156e80182b4.jpg 121,214,144,242,0 106,126,159,197,0 194,103,245,165,0
15391513321824spp815on8_jpg.rf.f3cc5eeafbaad8cad8c2dbccb0859973.jpg 70,122,132,207,1 281,58,346,247,1 160,22,263,170,0
Untitled-design-13_png_jpg.rf.f607aa5554223bf323e57e40ad2c7917.jpg 201,167,284,253,0
sdfsdfsfff_jpg.rf.f7000479f2bc9ef4429cfd0b372aaabd.jpg 157,93,277,252,0
000b7b75-1600_jpg.rf.f625905dd48bf7c0c5baeb1f0ad54c01.jpg 72,107,114,153,1 263,124,297,165,1 311,148,361,209,0 200,134,241,190,0 0,144,30,192,0 127,117,155,146,0 150,138,192,185,0 49,139,106,205,0
0_10725_jpg.rf.fd18aa2a9a7f9cdbb19f9a00d6732a18.jpg 300,197,366,271,0 96,138,151,202,0 244,131,303,196,1 56,195,123,274,1
1580128422_jpg.rf.fea425b6dfddd27870cdc6582289c242.jpg 80,210,128,266,1 356,217,402,280,0 308,190,345,245,0 242,207,292,264,0
w1240-p16x9-coronavirus_CHINA-HEALTH_jpg.rf.ff1741bb9a07b5bd46cc5bbaf0f51de7.jpg 79,123,97,143,0 96,91,119,117,0 235,98,276,147,0 329,169,364,210,0